15
2 10 3 7 4 2 12 11 2 3 6 6 15 8 14
1 13 4 5 7 14 15 8 5 6 11 11 3 12 2
8 5 15 2 4 6 7 15 6 13 1 3 4 4 9
10 11 2 8 5 12 7 6 3 5 7 9 1 7 15
9 3 12 6 15 15 8 8 13 14 2 10 11 5 11
12 9 15 6 3 10 11 4 1 14 5 7 8 8 13
15 4 10 7 13 6 6 3 11 12 6 2 9 3 5
15 12 13 9 6 13 6 7 7 5 8 10 3 11 1
5 15 8 14 11 7 4 12 9 13 13 8 7 1 14
8 8 14 12 2 9 6 3 15 1 4 6 13 4 12
10 7 8 4 1 4 9 2 13 15 2 5 12 6 11
2 6 5 11 10 15 1 12 6 7 10 12 4 3 3
10 3 9 14 12 4 15 13 10 8 14 7 8 2 2
3 15 4 12 9 6 2 7 7 8 2 13 11 14 4
6 1 7 10 10 2 3 11 15 9 12 14 6 7 5