30
23 22 10 3 18 7 6 28 8 29 2 7 9 13 8 15 20 26 18 19 16 29 22 30 28 25 12 27 19 29
11 5 28 12 22 28 24 24 26 9 20 29 27 19 2 3 15 19 6 9 4 30 10 2 12 13 14 15 23 17
26 10 13 6 7 10 7 1 11 13 5 14 12 16 18 18 23 4 21 22 19 3 25 3 23 28 29 27 8 2
5 21 14 27 8 11 10 2 6 25 9 15 17 17 18 4 24 30 22 19 20 16 20 4 28 29 6 1 9 15
18 12 5 28 17 2 1 23 3 16 27 8 4 25 9 10 20 26 13 14 28 7 17 30 19 28 21 22 8 24
7 1 28 17 18 8 20 21 22 23 16 25 23 27 9 29 4 29 2 18 30 26 6 14 8 9 22 11 19 13
30 30 17 11 11 14 8 5 21 28 9 8 16 20 21 11 27 8 8 26 23 6 29 5 1 2 3 24 12 6
19 25 18 11 12 14 14 6 16 29 13 19 17 5 22 23 28 5 26 22 24 20 12 8 11 3 9 5 13 10
5 29 10 15 9 19 18 1 20 16 14 10 21 25 24 27 2 13 30 1 28 15 4 12 6 20 8 30 17 11
3 7 20 15 14 17 10 8 18 1 12 21 19 27 24 25 1 11 30 29 23 22 2 14 4 5 6 7 15 9
14 28 21 14 17 18 17 9 23 2 10 22 20 24 25 8 1 26 29 30 27 28 3 11 5 21 7 8 29 10
2 26 19 26 13 16 8 7 17 7 11 20 17 22 23 24 29 10 22 28 25 21 1 11 3 4 25 6 14 3
19 13 9 29 30 27 2 24 15 17 28 19 5 9 3 11 3 27 14 15 23 8 4 26 20 21 22 29 1 25
24 23 16 9 27 13 12 4 14 10 8 17 2 19 20 28 26 12 24 20 22 18 28 19 30 29 2 3 11 15
24 18 6 4 5 16 7 3 9 22 1 12 10 14 24 16 21 2 20 20 17 4 23 1 16 26 27 8 6 30
26 3 26 5 20 23 22 14 14 7 18 27 8 29 30 1 27 17 4 5 16 28 8 5 10 3 12 13 8 15
10 25 27 20 2 24 9 15 25 8 17 28 26 30 6 2 7 26 5 20 3 16 9 17 11 12 13 24 22 16
21 15 8 2 2 5 4 6 6 1 30 30 7 11 12 12 18 29 8 17 14 10 20 29 22 18 24 25 3 9
20 6 20 22 28 26 18 17 14 10 21 30 28 14 3 4 10 20 7 8 19 1 24 19 23 14 15 16 24 18
13 7 30 23 24 5 26 18 28 11 27 1 16 3 4 30 10 12 8 9 6 3 12 20 14 25 16 5 25 24
29 8 1 24 5 28 27 23 29 12 23 2 30 12 5 6 11 22 9 1 7 3 13 21 20 16 17 18 9 20
15 9 28 25 26 7 28 20 30 6 24 26 1 5 6 23 12 19 10 11 8 5 14 24 16 17 19 19 27 21
16 10 3 25 27 30 30 21 1 14 25 4 2 14 7 8 1 24 17 12 9 5 20 23 18 18 19 20 29 22
24 11 4 27 13 1 30 22 5 15 4 5 12 7 10 9 14 25 12 7 10 26 16 24 18 22 20 4 29 22
8 2 27 18 19 20 21 29 23 6 17 12 24 28 29 19 5 16 21 4 28 27 2 15 9 10 16 12 20 14
6 14 23 16 5 20 22 11 12 4 24 24 22 28 27 28 3 26 1 2 29 25 5 26 7 21 9 10 8 12
15 14 7 24 1 4 3 25 5 17 29 8 9 10 11 12 19 28 19 16 13 29 19 27 21 22 9 24 2 22
25 19 11 5 29 9 8 20 10 23 4 15 11 8 16 17 22 3 20 21 14 14 24 2 30 27 28 29 12 1
28 9 15 8 9 12 11 3 13 16 7 16 14 18 19 9 25 16 23 20 21 17 27 14 29 28 1 15 10 4
25 16 9 27 3 7 5 22 7 20 16 10 8 19 13 14 17 30 17 18 22 11 19 29 23 24 25 26 4 11